1 7 1 0.142857142857
2 6 4 0.666666666667
3 9 8 0.888888888889
4 3 3 1.0
5 6 0 0.0
6 8 4 0.5
7 2 2 1.0
8 7 4 0.571428571429
9 9 9 1.0
10 9 9 1.0
11 2 0 0.0
12 2 2 1.0
13 4 2 0.5
14 2 2 1.0
15 2 1 0.5
16 7 7 1.0
17 3 3 1.0
18 6 6 1.0
19 6 6 1.0
20 7 2 0.285714285714
21 7 6 0.857142857143
22 9 0 0.0
23 1 1 1.0
24 4 0 0.0
25 7 0 0.0
26 6 6 1.0
27 1 0 0.0
28 9 5 0.555555555556
29 1 1 1.0
30 3 3 1.0
31 9 3 0.333333333333
32 8 4 0.5
33 5 3 0.6
34 10 1 0.1
35 6 3 0.5
36 3 2 0.666666666667
37 1 0 0.0
38 6 1 0.166666666667
39 3 2 0.666666666667
40 6 2 0.333333333333
41 2 1 0.5
42 6 1 0.166666666667
43 9 5 0.555555555556
44 10 1 0.1
45 5 2 0.4
46 3 2 0.666666666667
47 4 4 1.0
48 10 7 0.7
50 259399 32999 0.12721328918
51 390609 1266 0.00324109275516
52 615664 90074 0.146303828062
53 19111 213 0.0111454136361
54 635077 53792 0.0847015401282
55 307131 10258 0.0333994289082
56 444919 46103 0.103621108561
57 125481 5036 0.0401335660379
58 72576 7157 0.098613866843
59 228648 7479 0.0327096672615
60 766469 66022 0.0861378607615
61 508467 11439 0.0224970352058
62 880164 3090 0.0035107093678
63 723496 10387 0.0143566792353
64 250228 25497 0.101895071695
65 924897 18398 0.0198919447247
66 472232 35826 0.0758652526724
67 543927 23293 0.0428237612768
68 99087 11697 0.118047776197
69 756375 83604 0.110532473971
70 846915 100562 0.118739188703
71 404771 7154 0.0176741910858
72 651748 25070 0.0384657873902
73 329236 25096 0.0762249571736
74 163498 12218 0.0747287428592
75 30591 3728 0.121865908274
76 360341 49757 0.138083093514
77 400511 7080 0.0176774170997
78 173732 23644 0.136094674556
79 795460 995 0.00125084856561
80 916349 125810 0.137294851634
81 929452 88439 0.0951517668476
82 698452 28213 0.0403936133049
83 793678 102403 0.129023357079
84 710487 42761 0.0601854784113
85 342263 38105 0.111332513301
86 654598 78932 0.120580875591
87 117656 14450 0.122815666009
88 54497 5193 0.0952896489715
89 726109 15693 0.0216124576338
90 24583 2644 0.107554000732
91 128176 9918 0.0773779802771
92 871863 105907 0.121472066139
93 759775 95918 0.126245269981
94 206579 1949 0.0094346472778
95 398381 12870 0.0323057575537
96 905094 61445 0.0678879762765
97 732578 69718 0.0951680230638
98 393208 17351 0.0441267725987
99 37967 5430 0.143018937498
100 240341 5966 0.0248230638967
101 166714 20961 0.125730292597
102 164856 8639 0.052403309555
103 361281 21875 0.0605484373659
104 799120 110288 0.138011812994
105 570989 12184 0.0213384145754
106 157927 14667 0.0928720231499
107 854743 125241 0.146524744865
108 251268 31505 0.125384052088
109 870885 35706 0.0409996727467
110 346325 2263 0.00653432469501
111 215462 8561 0.0397332244201
112 801317 15333 0.0191347494188
113 259861 10029 0.038593709714
114 406279 45785 0.11269349388
115 217489 9368 0.0430734427948
116 802260 16107 0.0200770323835
117 315186 22061 0.0699935910859
118 500649 55621 0.111097795062
119 474874 42068 0.0885877095819
120 569671 84903 0.149038655645
121 452721 31247 0.0690204342189
122 1541 53 0.0343932511356
123 222308 11719 0.0527151519513
124 677887 54105 0.0798141873203
125 510529 54487 0.106726552262
126 967480 100707 0.104092074255
127 414141 21590 0.0521320033515
128 571480 24008 0.0420102190803
129 540985 5499 0.0101647919998
130 191298 6004 0.0313855868854
131 779222 109706 0.140789146097
132 318072 16161 0.0508092507357
133 896815 33071 0.0368760558198
134 66319 8985 0.135481536211
135 396923 42732 0.107658160399
136 365452 48761 0.13342655123
137 407987 52923 0.129717368446
138 797485 109564 0.137386910099
139 789944 59067 0.0747736548414
140 401701 42407 0.105568569658
141 891209 80913 0.0907901513562
142 837158 41492 0.0495629259949
143 80867 3699 0.0457417735294
144 944196 88998 0.0942579718618
145 451987 35075 0.077601789432
146 151889 14293 0.0941016136784
147 331175 42583 0.128581565638
148 282854 39442 0.139442963508
149 808735 88026 0.108844058932
150 424545 55108 0.129804849898
151 344760 27434 0.0795741965425
152 805629 69222 0.0859229248202
153 757209 7619 0.0100619511918
154 65178 6377 0.0978397618828
155 244164 31775 0.130137940073
156 209384 14708 0.0702441447293
157 102544 9950 0.0970315181776
158 235305 30338 0.128930536963
159 369059 47775 0.129450846613
160 358817 20104 0.0560285605197
161 220314 23680 0.107482956144
162 490930 7830 0.0159493206771
163 249578 5506 0.0220612393721
164 383159 17921 0.046771705741
165 720473 43050 0.0597524126511
166 53787 5617 0.104430438582
167 362285 26692 0.0736768014133
168 320245 42451 0.132557885369
169 883901 5526 0.00625183137026
170 488878 53268 0.108959699557
171 631618 41272 0.0653432929397
172 54653 5262 0.0962801676029
173 192142 9287 0.0483340446128
174 779157 50471 0.0647764186165
175 925317 72440 0.0782866844552
176 768364 32402 0.0421701172882
177 41731 1594 0.0381970237953
178 412484 3032 0.00735058814402
179 408270 13413 0.0328532588728
180 383668 12529 0.0326558378598
181 196639 29076 0.147864869126
182 879027 83974 0.0955306264768
183 644392 4434 0.00688090479087
184 286010 28144 0.0984021537708
185 353676 34934 0.0987740191588
186 601350 53313 0.0886555250686
187 176823 19429 0.109878239822
188 660145 42337 0.0641328798976
189 400967 21781 0.0543211785509
190 285568 28551 0.0999796896011
191 161642 141 0.000872298041351
192 708634 65921 0.093025454607
193 819323 108293 0.132173758091
194 773192 36513 0.0472237167482
195 868561 74617 0.0859087617335
196 564117 82577 0.146382753932
197 214608 23939 0.111547565794
198 928050 37371 0.0402683045095
199 400078 21620 0.0540394623049
200 73268 3686 0.050308456625
201 390995 31119 0.0795892530595
202 895131 111518 0.124582882282
203 357656 19220 0.0537387881092
204 586554 79992 0.136376190427
205 998019 56934 0.0570470101271
206 880296 20800 0.0236284158965
207 301005 8438 0.0280327569309
208 900935 19004 0.0210936416057
209 454535 52399 0.11528045145
210 790355 59095 0.0747701982021
211 913158 15765 0.0172642631396
212 528906 18009 0.0340495286497
213 28303 2975 0.10511253224
214 426956 5406 0.0126617262669
215 256708 31327 0.12203359459
216 700395 16383 0.0233910864584
217 722454 29528 0.0408718063711
218 980955 6840 0.00697279691729
219 280280 21625 0.0771549878693
220 635471 2116 0.0033298136343
221 824960 61003 0.0739466155935
222 369640 49772 0.134649929661
223 549172 68896 0.125454320322
224 312703 37781 0.120820714864
225 416588 15903 0.0381744073281
226 21377 3070 0.143612293587
227 303845 30339 0.0998502525959
228 607954 55557 0.0913835586245
229 834504 92288 0.110590242827
230 946000 114602 0.121143763214
231 953718 34298 0.0359624123693
232 627628 1642 0.00261619940474
233 565176 64518 0.114155590471
234 572559 38760 0.0676960802293
235 26867 1851 0.0688949268619
236 429809 7203 0.01675860673
237 861307 82284 0.0955338804863
238 560081 77875 0.139042388512
239 985015 76787 0.0779551580433
240 763353 107802 0.141221689048
241 466953 57764 0.123704098699
242 185173 12890 0.0696105803762
243 708054 41925 0.059211585557
244 379344 18209 0.0480012864313
245 524841 50169 0.0955889497962
246 927865 93466 0.100732326362
247 890005 71760 0.0806287605126
248 777641 4540 0.00583816954096
249 863076 89024 0.103147347395
250 714540 69393 0.0971156268368
251 89452 6559 0.0733242409337
252 943911 84101 0.0890984425438
253 202989 13663 0.0673090660085
254 604112 50107 0.0829432290701
255 511001 45793 0.0896143060385
256 916139 135326 0.147713392837
257 339259 39724 0.117090482493
258 242577 8725 0.0359679606888
259 995240 62049 0.0623457658454
260 48661 4849 0.0996485892193
261 201058 11990 0.0596345333187
262 283051 27488 0.0971132410767
263 204925 10230 0.0499207026961
264 494606 14689 0.0296983861902
265 410332 2050 0.00499595449538
266 864351 86352 0.0999038585019
267 283404 4225 0.0149080464637
268 781142 109003 0.139543130442
269 305017 8889 0.0291426379513
270 157311 20195 0.128376273751
271 507307 971 0.00191402838912
272 520903 61999 0.119022159596
273 142605 16019 0.112331264682
274 990425 70985 0.0716712522402
275 225780 9293 0.0411595358313
276 753799 15031 0.0199403289206
277 811998 114978 0.141598870933
278 9182 692 0.0753648442605
279 407487 19182 0.0470738943819
280 32587 2209 0.0677877681284
281 857451 73684 0.0859337734751
282 439121 53719 0.122333024383
283 100169 11467 0.114476534656
284 379987 45076 0.118625110859
285 594905 80394 0.135137542969
286 40350 2835 0.0702602230483
287 137196 13543 0.0987127904604
288 706830 96512 0.136542025664
289 901487 74799 0.0829729103137
290 285737 6246 0.0218592621887
291 513823 38767 0.0754481601641
292 211304 22558 0.106756142808
293 223144 32426 0.145314236547
294 118316 2453 0.0207326143548
295 367488 27405 0.0745738636364
296 88946 9792 0.110089267646
297 594877 13075 0.0219793335429
298 717115 46313 0.0645823891566
299 972847 89855 0.0923629306561
300 258197 35415 0.137162709094
301 6043 239 0.0395498924375
302 944767 103937 0.110013368375
303 150371 13570 0.0902434644978
304 633114 1380 0.00217970223372
305 682804 52705 0.0771890615755
306 648866 25293 0.0389803133467
307 127056 4294 0.0337961213953
308 401688 44009 0.109560156141
309 823810 8101 0.00983357813088
310 400358 24988 0.0624141393453
311 198874 6021 0.0302754507879
312 684446 50939 0.0744236944916
313 713661 200 0.000280245102367
314 814534 121373 0.149009126691
315 766205 18052 0.0235602743391
316 212791 5191 0.0243948287287
317 409924 31141 0.0759677403616
318 420175 1441 0.00342952341286
319 698606 58804 0.0841733394789
320 449973 53441 0.118764903672
321 216869 7492 0.0345462007018
322 256807 28258 0.110035941388
323 679469 50782 0.0747377731729
324 527001 65946 0.125134487411
325 847090 119137 0.140642670791
326 56747 7959 0.140254110349
327 790681 87663 0.110870249823
328 925444 69190 0.0747641132257
329 928262 60371 0.0650365952716
330 188204 17284 0.0918365178211
331 730631 59879 0.0819551866811
332 419428 5968 0.0142289022192
333 135973 9552 0.0702492406581
334 554982 50753 0.0914498127867
335 252190 15515 0.0615210753797
336 872181 100615 0.115360229127
337 445565 7453 0.0167270768575
338 403819 414 0.00102521179043
339 386498 35078 0.0907585550249
340 499692 72449 0.144987312184
341 578434 55908 0.0966540694358
342 606598 64798 0.106821980949
343 135483 12703 0.0937608408435
344 355517 17655 0.0496600725141
345 754533 95155 0.126111117738
346 813414 30593 0.0376106140293
347 203296 5760 0.0283330709901
348 936157 134085 0.143229180575
349 270031 20877 0.0773133455048
350 371619 41042 0.110441070021
351 957471 125323 0.130889603967
352 239873 7550 0.0314749888483
353 985113 112240 0.113936167729
354 294452 19739 0.0670363930284
355 733323 37340 0.0509188993118
356 657506 46280 0.0703871903831
357 189777 27078 0.142683254557
358 325407 6458 0.0198459160375
359 686138 67753 0.098745441879
360 654495 45755 0.0699088610303
361 912344 83018 0.0909941864034
362 86155 9274 0.107643201207
363 126628 607 0.00479356856304
364 840925 83007 0.0987091595564
365 184609 922 0.00499433938757
366 933117 65817 0.0705345631898
367 229763 11367 0.0494727175394
368 189464 13624 0.0719081197483
369 286592 40076 0.13983642251
370 311644 37354 0.11986112359
371 115616 4353 0.0376504982009
372 853202 48659 0.057031043059
373 12404 822 0.0662689455015
374 932406 95805 0.102750304052
375 127595 3869 0.0303225048003
376 752661 52175 0.0693207167636
377 976338 144464 0.147965151413
378 411600 35210 0.0855442176871
379 149243 12915 0.0865367219903
380 429844 41736 0.0970956905296
381 972696 104693 0.107631778068
382 729242 12896 0.0176841158353
383 689896 77837 0.112824251771
384 534451 49849 0.0932714130949
385 681617 14479 0.0212421345125
386 159025 9299 0.0584750825342
387 452873 2047 0.00452003100207
388 767396 21948 0.0286006181945
389 672905 73857 0.10975843544
390 311606 8618 0.0276567203456
391 132844 615 0.00462949022914
392 843465 111424 0.132102695429
393 60819 7347 0.120801065457
394 893810 112723 0.126115169891
395 380562 20353 0.0534814300955
396 815313 105605 0.129526942414
397 730820 18582 0.0254262335459
398 584663 71465 0.122232807617
399 354968 11852 0.0333889251989
400 67356 6930 0.102886157135
401 684144 5563 0.00813132907692
402 252107 4928 0.0195472557287
403 268747 23283 0.0866353856973
404 329266 28844 0.0876009062582
405 347477 41861 0.120471282991
406 480123 46619 0.0970980352951
407 998986 30010 0.0300404610275
408 846692 19503 0.0230343501533
409 70496 9566 0.135695642306
410 174343 7187 0.0412233356085
411 115444 11606 0.100533592045
412 440824 35931 0.0815087200334
413 494842 4623 0.0093423759503
414 635797 72273 0.113673074897
415 420945 24907 0.0591692501396
416 162080 18624 0.114906219151
417 229446 32467 0.141501704105
418 792565 13019 0.0164264129756
419 332706 32186 0.096740064802
420 91532 11086 0.121116112398
421 426014 16117 0.0378320900252
422 977345 85382 0.0873611672439
423 724865 45090 0.0622046863899
424 437364 59832 0.13680138283
425 599972 26517 0.0441970625296
426 989891 145071 0.146552499215
427 231152 17462 0.0755433654046
428 42751 5658 0.132347781338
429 609534 39388 0.0646198571368
430 71926 230 0.00319773100131
431 352044 45755 0.129969549261
432 685937 54811 0.0799067552851
433 270131 34646 0.128256290466
434 949186 84683 0.089216444406
435 369021 35849 0.0971462328702
436 673083 39834 0.0591814085336
437 292887 12577 0.0429414757227
438 590221 47430 0.0803597296606
439 942875 121771 0.12914861461
440 10298 1107 0.107496601282
441 687331 58861 0.0856370511442
442 99173 4129 0.0416343157916
443 417606 46511 0.111375315489
444 172286 20918 0.121414392348
445 224163 1162 0.00518372791228
446 898139 82059 0.0913655904042
447 573582 59211 0.10323022689
448 348775 8254 0.0236656870475
449 299061 8260 0.0276197832549
450 954546 35466 0.0371548359115
451 288853 20573 0.0712230788671
452 512335 74272 0.144967648121
453 598701 45643 0.0762367191637
454 312177 17784 0.0569676817959
455 261098 34886 0.133612666508
456 151652 16047 0.105814628228
457 69497 8548 0.122998115027
458 830077 74028 0.0891820879268
459 33403 111 0.00332305481544
460 803525 79855 0.099380853116
461 559497 54142 0.0967690622112
462 874207 130909 0.149745998373
463 572589 35691 0.0623326679346
464 238128 19605 0.0823296714372
465 187901 5474 0.0291323622546
466 783531 14791 0.0188773641375
467 144336 5424 0.0375789823745
468 30259 506 0.0167222974983
469 658381 56831 0.0863193196644
470 578381 68264 0.118026007078
471 558420 3756 0.00672612012464
472 394412 35317 0.0895434215997
473 876489 128737 0.146878055515
474 234236 3633 0.0155099984631
475 810959 38660 0.0476719538226
476 346682 580 0.00167300292487
477 343850 31872 0.0926915806311
478 352194 10463 0.0297080586268
479 925154 92301 0.0997682547987
480 786088 10126 0.0128815094493
481 631073 1599 0.00253377976874
482 161241 17012 0.105506663938
483 437395 3978 0.00909475416957
484 892342 113144 0.126794435317
485 112720 703 0.00623669268985
486 88395 12925 0.146218677527
487 636599 61050 0.0959002448951
488 380443 41617 0.1093908943
489 401920 1615 0.00401821257962
490 420865 34957 0.0830598885628
491 755937 14670 0.019406379103
492 480345 59533 0.123938002894
493 781557 113483 0.145201181744
494 903920 130575 0.144454155235
495 613904 19014 0.0309722692799
496 382461 4002 0.0104638119965
497 526657 75489 0.143336175158
498 712367 20138 0.0282691365546
499 620252 81589 0.131541695956
500 650771 1410 0.00216666077622
501 375888 13474 0.0358457838505
502 369218 5012 0.0135746361228
503 747547 94516 0.126434859614
504 400976 15605 0.0389175411995
505 292064 33587 0.114998767393
506 606026 64549 0.106511931831
507 985390 31954 0.0324277697155
508 111586 8595 0.077025791766
509 287874 18743 0.0651083460125
510 741373 100065 0.134972544185
511 379737 6225 0.0163929245767
512 144511 2064 0.0142826497637
513 986768 92215 0.0934515509218
514 323385 17609 0.0544521236297
515 79052 8287 0.104829732328
516 481331 20290 0.0421539439596
517 172357 16561 0.0960854505474
518 313401 45151 0.144067823651
519 350156 15250 0.0435520168154
520 38964 2658 0.068216815522
521 550245 5667 0.0102990486056
522 788948 72589 0.0920073312817
523 274314 36382 0.132629030965
524 139365 1488 0.0106769992466
525 406064 4203 0.0103505851294
526 894142 116798 0.130625784271
527 826758 118542 0.143381739276
528 241342 32351 0.134046291155
529 948025 104232 0.109946467656
530 214838 9958 0.0463512041631
531 223106 9602 0.0430378385162
532 800527 119358 0.149099280849
533 228364 8412 0.0368359286052
534 500843 45047 0.0899423571858
535 79976 8188 0.102380714214
536 792648 76966 0.0970998475994
537 668041 75990 0.113750503337
538 222261 27291 0.122788073481
539 261778 765 0.00292232349548
540 785428 10685 0.0136040477294
541 25303 2866 0.113267201518
542 78306 4628 0.0591014737057
543 499807 22001 0.0440189913307
544 119199 12313 0.103297846458
545 920386 127916 0.138980818917
546 680223 7982 0.0117343871054
547 352828 12733 0.0360884056821
548 639412 5644 0.00882685967733
549 239342 14302 0.0597554963191
550 938909 5451 0.00580567445833
551 272455 36628 0.134436879485
552 970169 81582 0.0840905038194
553 374546 16190 0.0432256652053
554 787909 26839 0.0340635784082
555 578418 84413 0.145937712865
556 970876 59979 0.0617782291456
557 50919 2054 0.0403385769556
558 254262 26916 0.105859310475
559 143667 16313 0.113547300354
560 333425 37525 0.112544050386
561 835879 115695 0.138411181523
562 396637 4412 0.0111235210028
563 111285 16323 0.146677449791
564 201645 18255 0.0905303875623
565 721989 9222 0.0127730477888
566 360705 53078 0.147150718731
567 760244 100645 0.132385128985
568 366524 50452 0.13764992197
569 347463 13106 0.0377191240506
570 264189 6032 0.0228321391125
571 622747 15753 0.0252959869738
572 81507 10403 0.127633209418
573 1039 21 0.0202117420597
574 105033 15274 0.145420962935
575 198876 17249 0.086732436292
576 11185 1068 0.0954850245865
577 870795 37816 0.0434269833887
578 958724 27632 0.0288216420993
579 695627 74953 0.107748836661
580 516782 48125 0.0931243735269
581 594936 38636 0.0649414390792
582 472523 15658 0.0331370113201
583 507577 1329 0.00261832194918
584 279195 29173 0.104489693583
585 566859 27416 0.0483647609017
586 180892 22025 0.121757733896
587 513561 42488 0.082732138928
588 271792 16936 0.0623123565079
589 905805 37853 0.0417893475969
590 394890 19960 0.0505457215934
591 526117 18277 0.0347394210793
592 824785 115847 0.140457210061
593 42235 2019 0.0478039540665
594 468230 50988 0.108895201076
595 358065 11623 0.032460586765
596 998705 11192 0.0112065124336
597 520639 34386 0.0660457629951
598 502460 54091 0.107652350436
599 834626 18682 0.022383678438
600 935479 93031 0.0994474488471
601 704123 55093 0.0782434319004
602 742395 29110 0.0392109321857
603 831485 80737 0.0970997672838
604 270647 3781 0.0139702269007
605 472015 20741 0.0439414001674
606 10233 883 0.0862894556826
607 89119 10974 0.123138724627
608 173533 5167 0.0297753165104
609 97013 11161 0.115046437075
610 781583 5951 0.00761403459389
611 989181 139236 0.140758870217
612 345589 20578 0.0595447193053
613 179744 11528 0.0641356596048
614 83125 11893 0.143073684211
615 376285 11520 0.0306150922838
616 29047 3014 0.103762867077
617 80179 9094 0.11342122002
618 539036 77820 0.144368836219
619 992419 117240 0.118135585877
620 616359 9751 0.0158203254921
621 526228 70054 0.133124805218
622 136246 12940 0.0949752653289
623 734073 6169 0.00840379635268
624 508860 5522 0.0108517077389
625 888194 31708 0.0356994080122
626 197431 22780 0.115382082854
627 482455 68689 0.142373900156
628 84040 2781 0.0330913850547
629 19759 2342 0.1185282656
630 243880 19238 0.0788830572413
631 139627 7080 0.0507065252423
632 967859 139242 0.14386599701
633 555343 15842 0.0285265142443
634 438138 42803 0.0976929643172
635 77211 5479 0.0709613915116
636 369820 37356 0.101011302796
637 306971 11881 0.0387039818094
638 544910 27201 0.0499183351379
639 929875 120279 0.129349643769
640 938004 107299 0.114390770189
641 385279 6204 0.0161026165454
642 581583 59890 0.102977562962
643 482069 3238 0.00671688077848
644 734133 70205 0.0956298109471
645 874666 28037 0.032054521383
646 562684 62047 0.110269707331
647 179748 15939 0.0886741438013
648 887642 83561 0.0941381773282
649 160571 19482 0.121329505328
650 735093 101958 0.138700817448
651 127073 6500 0.0511517002038
652 307299 9705 0.0315816192047
653 320917 1438 0.00448090939402
654 815935 76303 0.0935160276247
655 211459 15879 0.0750925711367
656 455711 43194 0.0947837554942
657 773413 71793 0.0928262131617
658 916801 1055 0.00115074045513
659 650831 83507 0.128308270503
660 707286 70957 0.100322924531
661 411432 8639 0.0209973944662
662 947180 81535 0.0860818429443
663 844838 95915 0.113530641377
664 809033 67059 0.0828878426467
665 229557 153 0.000666501130438
666 85096 3849 0.0452312682147
667 360991 8432 0.0233579230507
668 901084 52623 0.0583996608529
669 414073 2401 0.00579849446837
670 453701 29842 0.0657745960445
671 448936 33839 0.0753760001426
672 911653 46325 0.0508142900862
673 144667 18621 0.12871629328
674 951233 75739 0.079621922284
675 42400 4137 0.097570754717
676 591974 16188 0.0273457955924
677 207578 5123 0.0246798793706
678 148462 4521 0.0304522369361
679 362142 31394 0.0866897515339
680 746853 26882 0.035993696216
681 230224 23569 0.102374209466
682 996602 145812 0.146309158521
683 95646 3383 0.0353700102461
684 753617 25567 0.0339257208901
685 569422 63844 0.11212071188
686 993710 50567 0.0508870797315
687 174489 17612 0.10093472941
688 884808 56477 0.0638296670012
689 503194 297 0.000590229613231
690 470475 53976 0.11472660609
691 233643 23349 0.0999345154787
692 797695 66017 0.0827597013896
693 241708 34268 0.141774372383
694 887170 48852 0.0550649819088
695 629612 37742 0.0599448549265
696 439231 37429 0.0852148413933
697 66155 2623 0.0396493084423
698 663046 69109 0.104229570799
699 330793 36305 0.109751415538
700 620958 50692 0.0816351508476
701 417508 45477 0.108924858925
702 492735 54330 0.110262108436
703 976305 88557 0.0907062854333
704 211871 8880 0.0419122956894
705 682758 48058 0.0703880437871
706 192439 21183 0.110076439807
707 645811 24688 0.0382279025907
708 241022 30385 0.126067329953
709 979588 58378 0.0595944417449
710 605894 50749 0.0837588753148
711 777564 108369 0.139369878235
712 694048 87732 0.126406242796
713 25760 3252 0.126242236025
714 93707 7787 0.0830994482803
715 743025 47089 0.0633747182127
716 877048 9747 0.0111134168255
717 499077 41495 0.0831434828694
718 913564 120024 0.131379958054
719 117693 14992 0.127382257229
720 518512 26114 0.0503633474249
721 250264 36474 0.145742096346
722 67383 5341 0.0792633156731
723 919886 79964 0.0869281628376
724 686970 91319 0.132930113397
725 917188 7012 0.00764510656485
726 591607 3205 0.00541744773135
727 617408 59736 0.0967528765419
728 663889 28917 0.0435569801578
729 469385 38222 0.0814299562193
730 207922 6218 0.0299054453112
731 432958 61809 0.142759805801
732 561782 39026 0.0694682278891
733 590414 49709 0.0841934642471
734 154296 811 0.00525613107274
735 705106 45051 0.0638925211245
736 856233 42257 0.0493522207156
737 931437 65461 0.0702795787584
738 777202 44504 0.0572618186778
739 535783 43268 0.0807565749567
740 305353 3727 0.0122055457127
741 679562 5463 0.0080390015922
742 521015 21386 0.0410468028752
743 281831 5870 0.0208280849161
744 454890 27172 0.0597331222933
745 495942 8114 0.0163607841239
746 651604 17568 0.0269611604594
747 772373 56925 0.073701437
748 683892 47446 0.0693764512525
749 617087 16960 0.0274839690352
750 802926 115556 0.143918617656
751 647529 56537 0.0873119196206
752 270143 22114 0.0818603480379
753 460403 57873 0.125700744782
754 729735 32571 0.0446340109766
755 589787 71279 0.120855495289
756 546749 38630 0.0706539929657
757 962624 119210 0.123838591184
758 733888 18124 0.0246958663992
759 788348 44477 0.0564179778473
760 856637 21036 0.0245564924233
761 238142 28061 0.117833057587
762 743657 78665 0.105781294333
763 302967 28319 0.0934722263481
764 894854 102143 0.114144877265
765 353291 38662 0.109433866133
766 777624 58668 0.0754452023086
767 922466 36113 0.039148326334
768 343031 8112 0.023648008489
769 925274 35790 0.0386804341201
770 660950 91546 0.138506694909
771 238341 22818 0.0957367804952
772 804560 5501 0.00683727751815
773 237987 836 0.00351279691748
774 400356 44853 0.112032790816
775 211121 12640 0.0598708797325
776 946920 4317 0.00455899125586
777 844856 103419 0.122410209551
778 870183 68778 0.0790385470642
779 874320 73553 0.0841259493092
780 779943 26080 0.033438341007
781 133616 19036 0.142467967908
782 839941 47919 0.0570504356854
783 438851 46695 0.10640285655
784 15628 1580 0.101100588687
785 257107 18319 0.0712504910407
786 774266 28116 0.0363131016989
787 293602 1688 0.00574927963706
788 637283 38280 0.0600675053312
789 345514 38924 0.112655348264
790 63714 3510 0.0550899331387
791 364409 23243 0.0637827276494
792 181164 16053 0.0886103199311
793 413283 3333 0.00806469174875
794 838596 55423 0.0660902269985
795 421814 24700 0.0585566150009
796 217333 29808 0.137153584591
797 742565 22751 0.030638395292
798 158688 13193 0.0831379814479
799 84880 7050 0.0830584354383
800 44858 5348 0.119220651835
801 380712 43381 0.113947025573
802 852632 9906 0.0116181424108
803 997754 54323 0.0544452841081
804 434522 44381 0.10213752123
805 363543 789 0.00217030722638
806 89241 11064 0.123978888627
807 368902 53127 0.144013857339
808 34445 2637 0.0765568297286
809 431213 38618 0.0895566692099
810 531064 75354 0.141892502599
811 558656 53963 0.0965943263833
812 528352 22493 0.0425719974562
813 95165 5024 0.0527925182578
814 438150 29956 0.068369279927
815 563323 27687 0.0491494222675
816 615798 6493 0.0105440420398
817 667182 52613 0.0788585423468
818 416519 33880 0.0813408271892
819 50103 5847 0.116699598826
820 345486 43218 0.125093346764
821 105731 10535 0.0996396515686
822 42139 2506 0.0594698497829
823 802462 53768 0.0670037958184
824 977963 107530 0.109953035033
825 311439 27108 0.0870411220175
826 297484 7366 0.0247609955493
827 561705 72799 0.129603617557
828 988055 123809 0.125305777512
829 639880 34761 0.0543242482966
830 488110 56436 0.115621478765
831 449640 62462 0.138915576906
832 588593 54981 0.0934108968336
833 6744 965 0.143090154211
834 482123 54513 0.113068656754
835 191854 6673 0.0347816568849
836 960100 74609 0.0777096135819
837 188909 27493 0.145535681201
838 550882 59270 0.107591099364
839 55438 3941 0.0710884231033
840 746184 73758 0.0988469331961
841 613177 73035 0.119109164238
842 309385 28981 0.093672931784
843 812357 103674 0.127621230567
844 107163 8474 0.0790758004162
845 341254 2472 0.00724387113411
846 633938 569 0.000897564115103
847 740740 53830 0.0726705726706
848 986846 34210 0.0346659965182
849 379232 43607 0.114987659269
850 755263 85138 0.112726295343
851 869823 26940 0.0309718184044
852 917582 31672 0.0345168061274
853 801058 81522 0.101767911936
854 240587 10873 0.0451936305785
855 11305 448 0.0396284829721
856 521937 37614 0.0720661689054
857 150238 14648 0.0974986354983
858 169035 24784 0.146620522377
859 883414 45286 0.0512624884822
860 62805 6921 0.110198232625
861 26446 910 0.0344097406035
862 570018 81218 0.142483219828
863 914351 38539 0.0421490215464
864 240260 32490 0.135228502456
865 807465 38035 0.0471042088512
866 72259 4002 0.0553841044022
867 225289 25566 0.113480906746
868 584166 13378 0.0229010247087
869 797901 117342 0.147063357484
870 740320 66773 0.0901947806354
871 705981 28524 0.0404033536313
872 289077 30454 0.10534909384
873 745212 52250 0.070114276206
874 560141 63477 0.113323252538
875 954413 136663 0.14319063131
876 96532 2800 0.0290059254962
877 48002 638 0.0132911128703
878 370697 48436 0.130661969209
879 915409 114770 0.125375651758
880 42999 5403 0.125654084979
881 598167 24525 0.0410002557814
882 170645 25183 0.14757537578
883 868757 64628 0.0743913430338
884 533889 11634 0.0217910464535
885 205038 29074 0.141798105717
886 836027 82757 0.0989884297995
887 301431 37963 0.125942587192
888 940791 138123 0.146815817753
889 184417 11334 0.0614585423253
890 905707 13106 0.0144704634059
891 802448 63180 0.0787340737344
892 989578 111778 0.112955219295
893 435677 44267 0.101605088173
894 24247 44 0.0018146574834
895 633474 43901 0.0693019760874
896 449741 60806 0.135202260857
897 364438 11741 0.0322167282226
898 72610 4650 0.0640407657347
899 847510 90119 0.106333848568
900 963636 123220 0.127869859574
901 838539 7131 0.00850407673346
902 822279 50680 0.0616335817891
903 976676 105915 0.108444356163
904 906696 40664 0.0448485490175
905 347631 9966 0.0286683293492
906 645593 11026 0.017078871673
907 561312 7636 0.0136038424263
908 710969 56413 0.0793466381797
909 451494 59788 0.132422579259
910 645833 35239 0.0545636410651
911 340666 12947 0.0380049667416
912 586526 82217 0.140176224072
913 143107 9027 0.0630786753967
914 351054 17583 0.0500863115076
915 102347 3845 0.0375682726411
916 841281 120894 0.14370228259
917 105654 13049 0.12350691881
918 85526 4622 0.0540420456937
919 907832 25034 0.0275755866724
920 345618 5510 0.0159424567008
921 688718 88357 0.12829198598
922 93506 249 0.00266293072102
923 216277 16082 0.07435834601
924 784378 53844 0.0686454745034
925 252124 14274 0.0566149989688
926 405028 52450 0.129497219945
927 973186 82696 0.084974506415
928 39303 4644 0.118158919166
929 21704 2559 0.117904533727
930 364067 48490 0.133189770015
931 626372 80239 0.128101192263
932 3651 360 0.0986031224322
933 8789 1055 0.120036409148
934 606774 66149 0.109017525471
935 873603 65938 0.0754782206563
936 871378 69744 0.080038743232
937 778490 27887 0.0358219116495
938 669459 34504 0.0515401241898
939 890911 31910 0.0358172701875
940 737575 86666 0.117501271057
941 676581 27944 0.0413017805702
942 350634 2088 0.00595492736015
943 565542 63947 0.113072061845
944 721603 5974 0.00827879041523
945 349131 26920 0.0771057282224
946 899138 33323 0.0370610518074
947 551104 9410 0.0170748170944
948 639170 32812 0.0513353255003
949 113076 14860 0.13141603877
950 333791 17721 0.0530901072827
951 562920 28914 0.0513643146451
952 83340 4163 0.0499520038397
953 81291 4160 0.0511741767231
954 722697 89059 0.123231451078
955 896823 72984 0.0813806068756
956 322239 28807 0.0893963797057
957 347619 29421 0.0846357650186
958 206068 16449 0.0798231651688
959 996354 42430 0.0425852658794
960 41698 5749 0.137872320015
961 731188 105237 0.143926049115
962 705209 26862 0.0380908354828
963 416143 62067 0.14914824952
964 457899 12351 0.0269731971461
965 884652 47066 0.0532028413433
966 424875 52240 0.122953809944
967 785296 114350 0.145613883173
968 64142 9527 0.148529824452
969 333089 22692 0.0681259363113
970 276955 2801 0.0101135563539
971 644663 111 0.000172182985529
972 953431 61549 0.064555274582
973 598019 52317 0.0874838424866
974 581159 54265 0.0933737583002
975 416712 13036 0.03128299641
976 677504 81344 0.120064235783
977 68883 4548 0.0660249989112
978 621473 35978 0.0578914932748
979 591625 74809 0.126446651173
980 252185 27549 0.109241231636
981 187655 5603 0.0298579840665
982 760495 85419 0.112320265091
983 785901 40555 0.0516031917506
984 662640 16304 0.0246046118556
985 691248 8524 0.0123313195843
986 817578 1896 0.00231904478839
987 444777 32196 0.0723868365496
988 554371 54299 0.0979470426844
989 200960 8003 0.0398238455414
990 102170 10140 0.0992463541157
991 162693 14041 0.0863036516629
992 792598 47928 0.0604694939932
993 213593 31847 0.149101328227
994 848949 96732 0.113943240407
995 877473 93115 0.106117225259
996 767845 106929 0.139258574322
997 260566 1613 0.00619037019412
998 286832 34030 0.11864087689
999 216286 28573 0.132107487308
